	religion	christian	motorcycles	pc	windows	medical	space	crypto	xwindows	atheism	autos	mac	baseball	hockey	mideast	graphics	politics	electronics	forsale	guns
religion	12	22	21	22	11	29	29	10	14	33	36	27	10	27	30	15	15	10	13	27	
christian	5	1	3	20	10	8	5	10	19	4	6	22	1	14	10	11	4	12	8	4	
motorcycles	17	42	13	35	30	40	14	31	73	26	33	34	6	31	38	53	19	11	31	32	
pc	7	12	8	11	3	18	5	6	4	6	7	4	3	10	4	7	10	7	4	1	
windows	13	12	10	15	13	7	15	15	25	2	6	9	6	11	33	12	6	3	10	6	
medical	0	5	7	13	5	2	2	5	1	5	6	6	1	11	3	1	1	2	10	2	
space	6	10	27	19	29	17	38	8	9	8	33	18	4	16	7	14	9	12	21	12	
crypto	17	19	13	14	26	5	8	21	9	8	11	21	9	7	10	10	8	4	8	5	
xwindows	20	11	10	19	20	33	45	20	24	7	21	26	15	63	21	33	22	12	16	27	
atheism	6	12	25	15	18	14	13	21	8	3	13	10	9	16	17	6	13	9	12	12	
autos	6	11	25	11	13	12	4	4	6	1	7	15	1	4	2	15	6	7	15	12	
mac	17	25	46	41	43	36	36	35	43	5	40	43	9	22	20	60	39	19	41	34	
baseball	4	10	21	9	9	13	7	11	7	7	8	17	2	7	19	14	9	7	11	14	
hockey	35	60	24	26	42	35	31	74	34	29	18	28	17	21	39	30	42	11	27	38	
mideast	15	35	20	19	15	40	27	41	25	29	37	15	15	49	27	19	14	10	7	25	
graphics	32	60	53	38	34	29	45	29	41	35	31	38	28	20	53	34	26	15	51	32	
politics	17	21	16	25	27	15	23	15	19	7	31	17	7	21	1	15	5	7	14	8	
electronics	11	7	31	8	9	12	20	22	7	3	20	12	3	19	8	12	14	6	6	10	
forsale	3	14	15	15	16	18	6	8	10	5	14	8	3	15	10	14	7	4	6	5	
guns	8	9	10	17	21	13	21	10	17	9	18	15	4	15	24	14	41	5	14	13	
